═══════════════════════════════════════════════════════
           MATRICES DES POIDS DU RÉSEAU
═══════════════════════════════════════════════════════


═══════════════════════════════════════════════════════
MATRICE 1: dense_Dense1/kernel
═══════════════════════════════════════════════════════
Dimensions: 2 lignes × 16 colonnes
(2 neurones source → 16 neurones destination)

[  0.000000,   0.000000,   0.798378,  -1.016901,  -0.268795,  -1.508506,  -2.484640,   1.382525,  -1.998070,   2.323563,   0.091976,   0.070350,   0.319181,   0.296914,  -0.470503,   0.639680 ]
[  0.207841,  -0.125131,   2.042792,   1.944422,  -1.604691,   2.253817,  -1.617689,   0.224343,   1.256437,   0.460119,  -3.597694,  -0.723314,  -1.182544,  -1.720812,   1.388724,  -2.869485 ]

───────────────────────────────────────────────────────
VECTEUR DE BIAIS: dense_Dense1/bias
───────────────────────────────────────────────────────
Dimensions: 16 éléments

[ 0.514753,  1.876577,  -0.729212,  -0.648190,  0.325652,  -0.798693,  0.958761,  -0.188352,  -0.376716,  -0.380115,  1.559979,  -0.069342,  0.087069,  0.306619,  -0.349270,  1.016681 ]

═══════════════════════════════════════════════════════
MATRICE 2: dense_Dense2/kernel
═══════════════════════════════════════════════════════
Dimensions: 16 lignes × 6 colonnes
(16 neurones source → 6 neurones destination)

[ -0.187677,  -0.536451,  -1.880765,  -0.262211,  -0.528795,   0.046911 ]
[  1.250588,   0.894050,  -0.875685,  -1.054491,  -1.204634,   1.210482 ]
[  0.588950,   0.461844,   0.886527,   0.711243,   0.434997,  -0.527166 ]
[ -0.755590,  -1.243601,  -0.884760,  -0.951948,  -1.831506,   1.774465 ]
[  0.477203,   0.713703,   1.909433,   0.353748,  -0.451454,   0.884666 ]
[ -1.622400,  -2.178180,  -0.819443,  -0.280855,   0.815423,  -0.803426 ]
[ -0.047333,   0.498783,   0.178078,  -0.503613,  -1.515120,   1.399368 ]
[  0.886892,  -0.287696,  -1.346403,  -0.382100,   1.400577,  -0.993858 ]
[  0.027232,   1.072779,   2.243410,   1.767318,   1.296287,  -1.476141 ]
[ -2.149971,  -1.510991,   0.165527,   0.152699,   0.291861,  -0.518288 ]
[ -0.411120,  -0.502024,   0.576097,   0.638506,   0.926827,  -0.481080 ]
[ -0.316046,  -0.542751,   0.847914,   0.220433,   0.838966,  -0.936531 ]
[ -0.934921,  -0.851681,  -0.572833,  -0.147449,  -0.745915,   0.469661 ]
[  1.084811,   0.327627,   1.823286,   0.813880,   1.375608,  -1.751376 ]
[ -1.573899,  -0.824739,  -0.044338,  -0.064442,  -0.248549,  -0.071900 ]
[  0.090939,   0.795259,  -1.330069,  -0.346539,  -0.482547,   0.902346 ]

───────────────────────────────────────────────────────
VECTEUR DE BIAIS: dense_Dense2/bias
───────────────────────────────────────────────────────
Dimensions: 6 éléments

[ 0.893108,  0.513328,  0.254386,  0.279728,  0.143218,  -0.194538 ]


═══════════════════════════════════════════════════════
RÉSUMÉ
═══════════════════════════════════════════════════════
Nombre de matrices de poids: 2
Nombre total de paramètres: 2 048
